0 0.303077 0.627615 0.390769 0.476987
0 0.326923 0.307531 0.221538 0.248954
0 0.105769 0.351464 0.206923 0.311715
0 0.544615 0.564854 0.321538 0.330544
0 0.691538 0.171548 0.069231 0.156904
0 0.868077 0.243201 0.131538 0.178870
0 0.157308 0.122385 0.080769 0.179916
0 0.765000 0.112448 0.050000 0.093096
0 0.472308 0.212866 0.120000 0.348326
0 0.964231 0.243724 0.070000 0.146444
0 0.736154 0.364540 0.187692 0.371339
0 0.213846 0.267782 0.186154 0.311715
0 0.854615 0.186192 0.092308 0.144351
0 0.044231 0.215481 0.088462 0.194561
0 0.579231 0.244247 0.120000 0.266736
0 0.416923 0.169456 0.084615 0.253138
0 0.860385 0.169456 0.079231 0.112971
0 0.213846 0.207113 0.186154 0.188285
0 0.363077 0.057008 0.046154 0.086820